WINDOW_LEN = 30
WINDOW_INTERVAL = 10
MAP = [1111111111111111111111111111111111111111111111111111111111111111111111111111111111111111111111111111111111111111111111111111111111111111111111111111111
	   1000000000000000000000000000000000000000000000000000000000000000000000000000000000000000000000000000000000000000000000000000000000000000000000000000001
	   1000000000100000000000000000000000000000000000000000000000000000000000000000000000000000000000000000000000000000000000000000000000000000000000000000001
	   1000000000000000000000000000000000000000000000000000000000000000022222000000000000000000000000000000000000000000000000000000000000000000000000000000001
	   1000000000000000000022200000000000000000000000000000000000000000222222200000000000000000000000011100000000000000000000000000000000000000000000000000001
	   1000000000000000000224(1)220000000000000000003000000000000000000000222222200000000000000000000000000000000000000000000000000000000000000000000000000000001
	   1000000000111000000022200000000000000000000000000001000000000000022222000000000000000000000000000000000000000000000000000000000000000000000000000000001
	   100000300000000000000000000000000000000000000000000000000000000000000000000000000000000000000000000000000004(1)0000000000000000000000000000000000000000001
	   1001100000000000000000000000000000000000000000000000000000000000000000000000000000000000000000000000000000000000000000000000000000000000000000000000001
	   1000000000000000000000000000000000000003000000000000000000000000000000000000000000000000000000000000000000000000000000000000000000000000000000000000001
	   1000000000000000000111100000000000000000000000000000222200000000000000000000000000000000000000000000000000000000000000000000000000000000000000000000001
	   1000000000000000000010000000000000000000000000000002222220000000000000000000000000000000000001100000000000000000000000000000000000000000000000000000001
	   1000000000010000000010000000000000000000000000000002222220000000000000000000000000000000000000000000000000000000000000000000000000000000000000000000001
	   1000000000000000000000000000000000111100000000000000222200000000000000000000000000000000000000000000000000000000000000000000000000000000000000000000001
	   1000000000000000000010000030000000000000000000000000000000000000000000011111111100000000000000000000000000000000000000000000000000000000000000000000001
	   1000010000000000000000000000000000000000000000000000000000000000000000010004(0)000100000000000000000000000000000000000000000000000000000000000000000000001
	   1000000000010000000000000000000000000000000000000300000000000000000000010000000100000000000000000000000000000000000000000000000000000000000000000000001
	   1000000000000000000000000000000000000010000000000000000000000000000000011110111100000000000000002222220000000000000000000000000000000000000000000000001
	   1000000000000000000000000000000000000000000000000000000000000000000003000000000000000000000000222222222200000000000000000000110000000000000000000000001
	   1000011100000000000000000000000000000000000000000000000000000000000000000000000000000000000000222222222200000000000000000000000000000000000000000000001
	   1000000000000000000000000000000000000000000000000000000000000000000000000000000000000000000000222222222200000000000000000000000000000000000000000000001
	   1000000000000300000000000111000000000000000000000000000000111110000000000000000000000000000000002222220000000000000000000000000000000000000000000000001
	   1000000000000000000000001000000000000000000000000000000000000000000000000000000000000000000000000000000000000000000000000000000000000000000000000000001
	   1000000000000000000001111111111000000000000000000000000000000000000000000000000000000000000000000000000000000000000000000011100000000000000000000000001
	   1000000000000000000000000000000000000000000000000000000000000000000000000000000000000000000000000000000000000000000000000004(0)000000000000000000000000001
	   1000000000000000000000000000000000000000000000000000000000000000000000000000000000000000000000000000000000000000000000000011100000000000000000000000001
	   1111111111111111111111111111111111111111111111111111111111111111111111111111111111111111111111111111111111111111111111111111111111111111111111111111111]
